56.825785 60.588582
56.874003 60.587362
56.916822 60.595252
56.850401 60.585987
56.849011 60.588556
56.900447 60.582251
56.815429 60.595894
56.874466 60.612137
56.797617 60.601899
56.86101 60.59971
56.887835 60.588036
56.843093 60.604046
56.827503 60.59859
56.798959 60.591839
56.826654 60.611803
56.861429 60.583704
56.898628 60.599227
56.805298 60.618826
56.856722 60.584202
56.901939 60.584062
56.792467 60.603588
56.911828 60.585044
56.796165 60.604958
56.833898 60.614053
56.898694 60.611999
56.909616 60.585852
56.886082 60.598921
56.801974 60.6187
56.877648 60.613525
56.848976 60.596841
56.908348 60.588798
56.797658 60.582459
56.916792 60.606065
56.863466 60.61274
56.88312 60.580278
56.888198 60.615574
56.848664 60.606252
56.81358 60.609253
56.80603 60.611326
56.820964 60.616603
56.912319 60.593703
56.893182 60.584773
56.831552 60.60296
56.809004 60.588154
56.901051 60.613456
56.792235 60.617719
56.906039 60.613677
56.869395 60.613809
56.801723 60.61372
56.847271 60.59235
56.892005 60.581349
56.799108 60.592302
56.820756 60.599353
56.794928 60.612447
56.81181 60.616719
56.912304 60.584657
56.866062 60.595437
56.911341 60.581174
56.842681 60.615562
56.860026 60.610123
56.902323 60.619318
56.864859 60.602672
56.81819 60.591456
56.888795 60.585065
56.80461 60.580563
56.895498 60.616481
56.79337 60.612046
56.813619 60.583145
56.873253 60.615096
56.846502 60.619633
56.808577 60.591113
56.874439 60.580299
56.911973 60.615633
56.863508 60.592074
56.80189 60.613866
56.862412 60.617863
56.855077 60.592238
56.910527 60.59809
56.796154 60.593233
56.814013 60.607133
56.903632 60.608055
56.908567 60.597398
56.909249 60.597559
56.851575 60.605656
56.874033 60.583398
56.816889 60.610915
56.892961 60.590585
56.796547 60.587484
56.791244 60.609526
56.828745 60.581588
56.895518 60.59987
56.872553 60.615939
56.827727 60.619558
56.884488 60.590944
56.792344 60.603486
56.824517 60.594465
56.856424 60.583556
56.84333 60.600429
56.891376 60.5896
56.873082 60.614069
56.877155 60.583213
56.906672 60.58855
56.877464 60.61987
56.849377 60.611292
56.807666 60.595668
56.892554 60.58036
56.914097 60.594244
56.821666 60.603969
56.860514 60.585876
56.91953 60.617419
56.811352 60.615849
56.839622 60.58187
56.826596 60.592557
56.884652 60.589011
56.904352 60.588697
56.842114 60.603735
56.840012 60.614879
56.906589 60.59265
56.801744 60.607993
56.827663 60.582874
56.890441 60.602856
56.808679 60.615879
56.843187 60.581296
56.888821 60.585149
56.799481 60.617833
56.868941 60.615604
56.83254 60.618363
56.916091 60.588487
56.796618 60.597992
56.874319 60.61621
56.83409 60.593912
56.916212 60.607191
56.851733 60.596747
56.848216 60.590375
56.79118 60.590384
56.901854 60.583735
56.887222 60.61829
56.892513 60.595507
56.913205 60.60746
56.838669 60.588565
56.818474 60.581174
56.827362 60.59006
56.900655 60.589795
56.894448 60.581608
56.840154 60.604554
56.812431 60.605464
56.841889 60.582697
56.831385 60.596234
56.817684 60.615231
56.872488 60.597752
56.8144 60.593872
56.824474 60.595542
56.879552 60.617594
56.839387 60.58601
56.911608 60.581704
56.912403 60.584089
56.895095 60.606035
56.911726 60.595156
56.913751 60.587616
56.844066 60.600753
56.808429 60.585574
56.910839 60.591333
56.885531 60.585759
56.880272 60.596207
56.919226 60.6118
56.904663 60.597114
56.9095 60.590008
56.869935 60.59541
56.820119 60.597249
56.894289 60.617824
56.809003 60.599518
56.885439 60.601146
56.81877 60.600053
56.801353 60.584607
56.827554 60.614255
56.872801 60.619513
56.888536 60.580042
56.816147 60.616698
56.818776 60.580901
56.800407 60.605988
56.903638 60.606275
56.907891 60.595026
56.88961 60.597314
56.805826 60.5985
56.808113 60.589016
56.886509 60.596042
56.82957 60.604029
56.900665 60.597848
56.870419 60.596906
56.880897 60.599951
56.874937 60.59453
56.807959 60.585335
56.794577 60.604201
56.832624 60.617677
56.874834 60.583563
56.895244 60.581366
56.793147 60.616608
56.875172 60.615161
56.848566 60.617936
56.796031 60.584946
56.864554 60.601559
56.866299 60.618383
56.804224 60.610574
56.898696 60.586275
56.893428 60.58343
56.862312 60.615742
56.804986 60.596016
56.840021 60.606917
56.874999 60.580483
56.851529 60.600347
56.833905 60.599485
56.792108 60.60108
56.82122 60.591195
56.893966 60.580579
56.884968 60.611586
56.90635 60.606128
56.811581 60.60935
56.824056 60.618256
56.81585 60.600702
56.867153 60.613368
56.827539 60.600047
56.813597 60.590832
56.81298 60.611826
56.833784 60.614855
56.792646 60.591305
56.880483 60.584843
56.848925 60.596571
56.860556 60.593337
56.847415 60.617147
56.820942 60.606045
56.883303 60.588354
56.906059 60.610689
56.914216 60.582854
56.868697 60.602138
56.867971 60.610045
56.897384 60.613989
56.89098 60.609566
56.820814 60.609336
56.846177 60.611337
56.914183 60.585835
56.81327 60.619958
56.819248 60.602998
56.91623 60.599061
56.850252 60.609874
56.817124 60.585059
56.892047 60.611666
56.896939 60.618135
56.839832 60.589338
56.863542 60.607908
56.794437 60.589197
56.864034 60.603289
56.855528 60.586049
56.912186 60.61024
56.804237 60.611901
56.835724 60.605854
56.865935 60.586744
56.857784 60.593017
56.820788 60.593739
56.81733 60.591489
56.835028 60.610893
56.891401 60.604526
56.865335 60.594518
56.854495 60.59425
56.817331 60.589596
56.850749 60.610896
56.810604 60.596459
56.883113 60.608109
56.827808 60.610976
56.888515 60.587424
56.87034 60.606488
56.802479 60.600312
56.792117 60.607631
56.912336 60.599569
56.865374 60.580345
56.870015 60.597912
56.884419 60.595064
56.829921 60.607315
56.798048 60.606072
56.790792 60.596032
56.916046 60.616149
56.840957 60.583325
56.88999 60.603114
56.899307 60.619452
56.86401 60.590639
56.910884 60.613355
56.902225 60.587207
56.82309 60.609789
56.852245 60.584849
56.803109 60.585456
56.841102 60.614084
56.844708 60.602581
56.906119 60.582466
56.894182 60.595427
56.833248 60.585099
56.864177 60.614476
56.874583 60.58839
56.866525 60.604641
56.861285 60.607916
56.820552 60.597457
56.882559 60.603675
56.901076 60.602652
56.836576 60.587587
56.892051 60.617431
56.773754 60.704576
56.821714 60.604421
56.819169 60.581427
56.90304 60.595269
56.824347 60.605337
56.797392 60.602962
56.871586 60.599212
56.794572 60.602328
56.899428 60.611147
56.794861 60.599032
56.801675 60.610884
56.838229 60.605355
56.800589 60.61131
56.825727 60.597938
56.807518 60.619817
56.901348 60.592026
56.842974 60.617579
56.844851 60.593664
56.911404 60.591633
56.845712 60.6126
56.846783 60.617379
56.838127 60.604501
56.852542 60.607168
56.906192 60.608998
56.804457 60.596347
56.897587 60.615618
56.805968 60.595206
56.909245 60.582048
56.846218 60.594652
56.799808 60.618825
56.850682 60.610421
56.906593 60.601512
56.82172 60.605176
56.839381 60.611009
56.919059 60.581266
56.851843 60.606906
56.792826 60.605531
56.841274 60.609551
56.887677 60.607709
56.86306 60.611929
56.834242 60.597214
56.854588 60.595145
56.871045 60.601061
56.81796 60.591289
56.857489 60.615339
56.889547 60.581262
56.846328 60.583069
56.85116 60.609365
56.840812 60.614469
56.80638 60.586624
56.813821 60.603936
56.860488 60.61612
56.899197 60.612465
56.823638 60.601894
56.900947 60.608717
56.828037 60.585463
56.804087 60.584958
56.829113 60.585034
56.791938 60.58963
56.908708 60.611069
56.883047 60.614157
56.883212 60.609279
56.87801 60.587541
56.801797 60.604568
56.872877 60.594549
56.918992 60.60578
56.861574 60.596722
56.875396 60.598633
56.855032 60.592555
56.90938 60.587269
56.841943 60.594344
56.823107 60.607
56.861269 60.615272
56.906373 60.598491
56.832216 60.58806
56.848212 60.587201
56.862322 60.582806
56.878021 60.588699
56.874595 60.604945
56.855218 60.60445
56.829311 60.596681
56.889692 60.593748
56.797928 60.599804
56.880642 60.611517
56.866438 60.618289
56.850498 60.597547
56.79903 60.614972
56.883416 60.583564
56.879452 60.604321
56.858646 60.591484
56.855829 60.617612
56.874309 60.597303
56.912353 60.601132
56.866781 60.613049
56.803774 60.583922
56.884966 60.61583
56.84423 60.601061
56.878572 60.587085
56.815725 60.600592
56.805618 60.617205
56.829827 60.605521
56.863784 60.606059
56.870176 60.591685
56.806566 60.592271
56.8712 60.599508
56.852252 60.580402
56.861487 60.592872
56.867198 60.616051
56.891556 60.581458
56.908357 60.619295
56.884486 60.597369
56.889001 60.607556
56.856671 60.594807
56.89715 60.584203
56.801939 60.617179
56.831437 60.604326
56.867393 60.616067
56.898014 60.617455
56.84774 60.599938
56.840807 60.591107
56.819291 60.612658
56.790288 60.583314
56.793212 60.588646
56.85754 60.602262
56.83871 60.585449
56.812849 60.604483
56.888237 60.586713
56.911297 60.617767
56.87933 60.604027
56.858377 60.584956
56.820847 60.612779
56.875482 60.585128
56.812637 60.584098
56.791125 60.601612
56.879481 60.599849
56.891526 60.604964
56.911065 60.587768
56.858543 60.593673
56.809142 60.582546
56.808609 60.596198
56.903571 60.598594
56.852617 60.604733
56.87765 60.610861
56.879288 60.60497
56.795603 60.608869
56.87577 60.601778
56.844217 60.61905
56.907259 60.599368
56.812311 60.588312
56.883289 60.592759
56.856597 60.581879
56.825078 60.598044
56.854659 60.616829
56.790659 60.608188
56.846017 60.600332
56.828364 60.619456
56.876952 60.606176
56.853495 60.603142
56.900396 60.611164
56.833773 60.609175
56.892624 60.593185
56.806164 60.612652
56.877473 60.603202
56.913158 60.615418
56.831784 60.585257
56.877188 60.585908
56.894641 60.603244
56.907535 60.592864
56.838118 60.583032
56.905327 60.603565
56.793779 60.615067
56.807709 60.5873
56.915314 60.618349
56.875008 60.58852
56.800948 60.611822
56.911466 60.596951
56.910087 60.614324
56.815127 60.607778
56.848141 60.597196
56.91619 60.612557
56.815293 60.585393
56.832734 60.585321
56.901175 60.593011
56.814342 60.586042
56.808002 60.598482
56.858501 60.590358
56.795869 60.580304
56.874241 60.605656
56.84259 60.609837
56.875569 60.613139
56.902409 60.595073
56.891178 60.588632
56.917242 60.604856
56.833595 60.583115
56.843946 60.606753
56.895292 60.59069
56.805031 60.593121
56.911909 60.586016
56.901983 60.590401
56.887064 60.598137
56.852253 60.596266
56.836224 60.616715
56.799433 60.6076
56.896811 60.606256
56.883107 60.602744
56.91475 60.610819
56.809235 60.60817
56.894311 60.602387
56.79573 60.58495
56.907822 60.598489
56.905293 60.614964
56.910691 60.591177
56.813226 60.581109
56.836941 60.58292
56.854254 60.593388
56.87238 60.610111
56.843379 60.591868
56.908488 60.587474
56.809622 60.594499
56.880678 60.619927
56.828789 60.601663
56.881756 60.607141
56.890501 60.59594
56.869205 60.596188
56.862942 60.585357
56.854862 60.598241
56.836004 60.587978
56.831092 60.595776
56.903889 60.581488
56.853948 60.591391
56.8118 60.605627
56.846617 60.589741
56.801811 60.584369
56.829698 60.598316
56.884561 60.617918
56.878242 60.585146
56.822907 60.585086
56.90466 60.593185
56.908951 60.611817
56.851092 60.599541
56.829251 60.590388
56.804624 60.611037
56.848378 60.59604
56.825132 60.609763
56.885775 60.612682
56.881391 60.588151
56.866486 60.611866
56.836021 60.582703
56.807893 60.610325
56.845769 60.613112
56.809932 60.612341
56.821651 60.611366
56.820356 60.607965
56.865789 60.602085
56.79552 60.588026
56.852808 60.587441
56.917464 60.582694
56.875129 60.606934
56.898738 60.596915
56.852564 60.586298
56.850416 60.587103
56.88944 60.593244
56.895204 60.597536
56.904923 60.588634
56.846604 60.586251
56.807209 60.597835
56.822758 60.612091
56.819742 60.608862
56.819411 60.598772
56.876465 60.584256
56.843191 60.581845
56.836599 60.594721
56.803781 60.597662
56.805697 60.594987
56.887568 60.611566
56.887362 60.613247
56.854741 60.582529
56.908417 60.598193
56.908974 60.599019
56.867702 60.588286
56.914795 60.596276
56.838674 60.612217
56.908155 60.584727
56.853167 60.618588
56.815881 60.585555
56.890919 60.615224
56.889188 60.597578
56.811665 60.595664
56.914612 60.617271
56.899242 60.616567
56.904953 60.588396
56.830691 60.58056
56.89205 60.598307
56.915208 60.611839
56.85883 60.602284
56.899214 60.605916
56.817137 60.593903
56.899744 60.617885
56.797618 60.619983
56.882511 60.612719
56.835014 60.611336
56.894498 60.603274
56.892157 60.587369
56.798043 60.601538
56.886324 60.61699
56.903154 60.615276
56.862857 60.584922
56.903871 60.606785
56.881458 60.584086
56.883942 60.609483
56.855439 60.608298
56.831431 60.616415
56.792182 60.585279
56.794395 60.611981
56.806707 60.613855
56.901595 60.599247
56.891564 60.583435
56.916156 60.614933
56.89273 60.580339
56.88376 60.619311
56.791545 60.614672
56.85474 60.583316
56.822549 60.581897
56.84879 60.61152
56.854123 60.615937
56.905076 60.596879
56.806581 60.581821
56.888696 60.594405
56.847291 60.592225
56.915416 60.603547
56.844187 60.597251
56.816744 60.604476
56.790856 60.598857
56.841344 60.603881
56.844272 60.586611
56.903373 60.593211
56.834715 60.618522
56.88923 60.591295
56.859596 60.617371
56.901594 60.589688
56.822408 60.609858
56.818082 60.602072
56.836024 60.597205
56.905825 60.586869
56.79631 60.607488
56.864862 60.597074
56.81314 60.588115
56.843506 60.589503
56.828609 60.606219
56.821957 60.596698
56.8958 60.600237
56.838771 60.583169
56.810603 60.617853
56.80936 60.603531
56.891153 60.615298
56.824366 60.590205
56.898527 60.613562
56.83841 60.604636
56.890763 60.599504
56.883843 60.614681
56.905293 60.590867
56.834775 60.589451
56.811855 60.596816
56.85707 60.611736
56.861448 60.616269
56.869458 60.584363
56.882237 60.585326
56.914789 60.613558
56.88857 60.605253
56.798822 60.590483
56.842572 60.601257
56.876028 60.61645
56.796924 60.59723
56.859992 60.59297
56.831424 60.594668
56.813844 60.606342
56.856633 60.584086
56.860862 60.609835
56.802474 60.601049
56.900791 60.613673
56.837699 60.580793
56.86041 60.60784
56.908288 60.6069
56.896426 60.604705
56.89933 60.588071
56.845504 60.599555
56.821571 60.610163
56.824611 60.600217
56.871987 60.606721
56.909607 60.594397
56.86338 60.611141
56.800305 60.582708
56.802179 60.612385
56.790708 60.608879
56.823266 60.596292
56.801814 60.60676
56.834871 60.590357
56.872031 60.610308
56.912848 60.580497
56.827311 60.592498
56.793076 60.580109
56.872015 60.58685
56.792935 60.590202
56.882006 60.582757
56.813251 60.616081
56.834768 60.612124
56.851113 60.587657
56.790391 60.60969
56.834195 60.585512
56.823652 60.613519
56.847772 60.599621
56.91935 60.599888
56.820846 60.590177
56.821449 60.611689
56.900268 60.598964
56.905766 60.605483
56.887408 60.606316
56.881934 60.584906
56.860622 60.606418
56.84548 60.596944
56.817093 60.607587
56.907244 60.585139
56.838603 60.599036
56.872615 60.595937
56.798236 60.592487
56.915221 60.602296
56.805617 60.607633
56.871623 60.604568
56.865245 60.615522
56.880598 60.6174
56.914683 60.607587
56.896333 60.610512
56.833694 60.619203
56.845202 60.604469
56.912773 60.616197
56.835337 60.592984
56.89166 60.606552
56.818752 60.612553
56.816174 60.604978
56.868514 60.591376
56.803458 60.583791
56.869205 60.608265
56.918642 60.611037
56.853384 60.582941
56.847744 60.586928
56.808569 60.582647
56.87795 60.593706
56.844386 60.587734
56.888828 60.601664
56.817369 60.595571
56.84208 60.604065
56.796915 60.619847
56.801689 60.584546
56.832966 60.585384
56.846552 60.583086
56.91492 60.588435
56.799307 60.58939
56.826803 60.591418
56.866708 60.590772
56.824926 60.596254
56.904634 60.585599
56.817996 60.607313
56.905736 60.585558
56.880367 60.61006
56.846262 60.580885
56.849387 60.613065
56.898889 60.617787
56.817834 60.612358
56.88548 60.584829
56.900985 60.58552
56.902907 60.608151
56.840977 60.606966
56.802358 60.584383
56.823398 60.584713
56.858506 60.580341
56.80564 60.596705
56.897121 60.595614
56.847295 60.587658
56.853843 60.59283
56.825015 60.586653
56.901417 60.592605
56.860494 60.600264
56.86977 60.615692
56.863658 60.617442
56.841613 60.594839
56.86012 60.612862
56.874284 60.58039
56.893748 60.595731
56.913888 60.613508
56.800474 60.612839
56.825754 60.612995
56.827432 60.582075
56.890933 60.590602
56.829297 60.587616
56.903851 60.584991
56.817138 60.59697
56.844645 60.597391
56.852253 60.591269
56.862095 60.593223
56.835119 60.604258
56.909419 60.595012
56.902205 60.61808
56.79495 60.580758
56.791044 60.618683
56.879825 60.581692
56.791817 60.611972
56.815861 60.585022
56.879887 60.591992
56.881151 60.589538
56.792949 60.615315
56.831981 60.613046
56.89132 60.603319
56.801544 60.594082
56.843399 60.597781
56.856735 60.60968
56.834482 60.619697
56.821075 60.581842
56.874174 60.616063
56.863376 60.584145
56.802672 60.584425
56.839274 60.582449
56.847579 60.607615
56.919845 60.591045
56.917256 60.61733
56.872204 60.615064
56.883777 60.603926
56.827357 60.612992
56.805618 60.616639
56.790202 60.616179
56.834394 60.614146
56.842968 60.608339
56.792553 60.598903
56.860498 60.604545
56.889313 60.619066
56.830506 60.615451
56.905145 60.615223
56.861821 60.591342
56.886665 60.582686
56.813017 60.618535
56.872239 60.619354
56.884274 60.589268
56.907915 60.60306
56.791588 60.619228
56.83981 60.604271
56.908752 60.602996
56.876033 60.606921
56.867297 60.603888
56.800918 60.605608
56.8045 60.613637
56.877744 60.612332
56.90385 60.588414
56.876763 60.616992
56.884175 60.603767
56.868651 60.607398
56.912013 60.599588
56.823817 60.60812
56.875854 60.589865
56.876366 60.586837
56.875932 60.587576
56.914217 60.589025
56.869185 60.607655
56.819735 60.603635
56.813258 60.592863
56.877704 60.589364
56.880803 60.612398
56.843731 60.59193
56.918288 60.584681
56.801173 60.605167
56.874537 60.598427
56.805223 60.616724
56.877674 60.582869
56.898279 60.581427
56.853193 60.585751
56.879496 60.592908
56.858892 60.60139
56.890496 60.58031
56.885568 60.581285
56.819035 60.612847
56.899589 60.5934
56.914186 60.607367
56.810502 60.589378
56.867996 60.588342
56.861882 60.589066
56.916007 60.581211
56.88895 60.61457
56.872409 60.583381
56.801739 60.587654
56.865398 60.603116
56.816853 60.58024
56.862664 60.608362
56.790287 60.58917
56.861693 60.584864
56.906699 60.617745
56.851173 60.581302
56.901324 60.590799
56.893196 60.618853
56.807945 60.611983
56.811497 60.59693
56.84283 60.611351
56.891858 60.580588
56.873855 60.587467
56.817402 60.581021
56.804089 60.618591
56.794224 60.608091
56.901556 60.610481
56.798689 60.592129
56.833386 60.584103
56.842763 60.589078
56.798979 60.614359
56.866846 60.590967
56.796083 60.597114
56.837393 60.609837
56.819878 60.589117
56.879836 60.583663
56.913145 60.595319
56.865324 60.581533
56.916875 60.610042
56.91203 60.619346
56.847766 60.607398
56.824338 60.58665
56.917316 60.609186
56.819972 60.608235
56.807535 60.585239
56.868229 60.60374
56.806534 60.581929
56.798934 60.585005
56.878223 60.616745
56.794068 60.608842
56.818264 60.587833
56.912296 60.61658
56.883345 60.602945
56.829808 60.616455
56.880385 60.602288
56.884233 60.582397
56.818907 60.603046
56.826967 60.595135
56.803393 60.609947
56.917767 60.591641
56.836394 60.617256
56.870183 60.595557
56.885144 60.614196
56.831584 60.595874
56.91114 60.619322
56.832067 60.61826
56.883058 60.59556
56.837578 60.588972
56.886242 60.597235
56.901364 60.612901
56.853233 60.617513
56.90334 60.595818
56.799811 60.614268
56.839259 60.59467
56.810355 60.586232
56.884873 60.600892
56.81052 60.592367
56.871697 60.617625
56.807724 60.589424
56.877229 60.613811
56.866022 60.592166
56.840274 60.612998
56.908193 60.607821
56.840456 60.609279
56.866821 60.607382
56.870137 60.587199
56.832546 60.580213
56.821525 60.608599
56.852657 60.616126
56.808247 60.613575
56.826391 60.611226
56.840181 60.615179
56.855539 60.606143
56.891696 60.60519
56.891421 60.616993
56.855777 60.586829
56.898496 60.585304
56.863208 60.599375
56.848083 60.588246
56.901428 60.581799
56.794255 60.590474
56.860766 60.598177
56.824248 60.587198
56.915871 60.619327
56.885135 60.582388
56.815604 60.603299
56.863643 60.609637
56.891893 60.59526
56.835934 60.617762
56.832607 60.60049
56.797585 60.598979
56.862078 60.606734
56.791419 60.611112
56.862695 60.608232
56.861955 60.599935
56.827682 60.598027
56.868937 60.59036
56.850519 60.584126
56.824938 60.599237
56.861623 60.602546
56.902665 60.615103
56.899252 60.58274
56.876382 60.603574
56.884842 60.599621
56.911898 60.60026
56.796705 60.614751
56.792381 60.598041
56.797354 60.588382
56.828831 60.583738
56.875158 60.59018
56.825156 60.605543
56.797687 60.619075
56.84351 60.585417
56.880336 60.581191
56.859261 60.597134
56.809202 60.618227
56.853681 60.586775
56.907122 60.608725
56.819551 60.596025
56.86485 60.615005
56.877835 60.616486
56.884532 60.59917
56.795876 60.618712
56.862228 60.586837
56.816238 60.613444
56.796057 60.614968
56.796122 60.582846
56.840724 60.610557
56.82054 60.609082
56.914998 60.592155
56.874091 60.594698
56.909856 60.617454
56.835155 60.598986
56.892838 60.597616
56.915292 60.584134
56.836579 60.600965
56.828516 60.584551
56.881216 60.596866
56.855348 60.596614
56.86696 60.58061
56.893996 60.60352
56.873739 60.59604
56.824156 60.606891
56.919255 60.592767
56.873837 60.592039
56.914762 60.604555
56.919608 60.603227
56.792652 60.603423
56.911019 60.601417
56.810356 60.588334
56.838877 60.594783
56.88701 60.611045
56.892534 60.598425
56.837758 60.609326
56.891182 60.585205
56.834206 60.612332
56.827637 60.580232
56.804418 60.590923
56.805339 60.594765
56.839557 60.608117
56.823818 60.610501
56.806247 60.611111
56.904632 60.605159
56.807014 60.591866
56.880882 60.581367
56.814029 60.605464
56.829261 60.583825
56.909632 60.617652
56.875801 60.580479
56.897605 60.582571
56.91052 60.586558
56.857253 60.617645
56.877671 60.608646
56.875984 60.603421
56.820431 60.599402
56.871128 60.605757
56.853494 60.582833
56.824885 60.605367
56.887359 60.605047
56.830532 60.610997
56.79255 60.593532
56.804595 60.584684
56.913431 60.608347
56.899593 60.608229
56.807161 60.604157
56.831125 60.591984
56.899085 60.608667
56.919825 60.615796
56.848826 60.582321
56.916593 60.602378
56.906037 60.580735
56.856106 60.582488
56.804399 60.588708
56.827631 60.61247
56.861469 60.583169
56.842531 60.584244
56.866029 60.61535
56.862439 60.584521
56.87442 60.607835
56.80608 60.582807
56.83793 60.610129
56.846133 60.590052
56.866704 60.611399
56.852051 60.600365
56.898999 60.595628
56.791971 60.595926
56.869413 60.586666
56.898601 60.600586
56.876376 60.587137
56.849364 60.586015
56.842554 60.616824
56.815697 60.5834
56.828017 60.591427
56.905097 60.616707
56.889339 60.582201
56.845041 60.607703
56.808986 60.589167
56.916915 60.616429
56.832349 60.61342
56.873648 60.597579
56.841672 60.593513
56.844502 60.592248
56.868865 60.58119
56.879329 60.618136
56.830133 60.592015
56.854153 60.586533
56.908734 60.614558
56.861018 60.584399
56.812953 60.611549
56.863809 60.601498
56.802857 60.584418
56.819298 60.583642
56.833297 60.592755
56.825117 60.619107
56.793529 60.599097
56.812718 60.58401
56.896657 60.59314
56.79261 60.581396
56.914469 60.600634
56.910884 60.610388
56.834549 60.599444
56.826413 60.591824
56.814445 60.604192
56.804171 60.584099
56.822263 60.618728
56.857708 60.587012
56.826847 60.596493
56.848283 60.588748
56.807695 60.585371
56.896934 60.592677
56.892571 60.612308
56.837461 60.58493
56.853098 60.59533
56.873204 60.586758
56.908662 60.588796
56.880349 60.589776
56.808516 60.588903
56.854141 60.611192
56.80668 60.587706
56.8871 60.605849
56.876326 60.584228
56.865889 60.606154
56.911339 60.607071
56.865577 60.612212
56.91062 60.598344
56.801437 60.596711
56.899562 60.587628
56.870767 60.583188
56.800165 60.612759
56.798403 60.58568
56.908365 60.597568
56.917464 60.603298
56.828349 60.584389
56.907013 60.603296
56.795449 60.618451
56.862381 60.599583
56.80421 60.609866
56.907834 60.618047
56.897793 60.607428
56.865389 60.597871
56.906237 60.617892
56.919662 60.607332
56.813392 60.60207
56.825502 60.582532
56.794988 60.592951
56.874489 60.601719
56.913544 60.615761
56.87715 60.604691
56.810775 60.591764
56.902235 60.606459
56.855268 60.616913
56.846198 60.589567
56.805931 60.596955
56.891241 60.583019
56.822524 60.583466
56.804047 60.617072
56.888003 60.598576
56.843302 60.614882
56.849243 60.61158
56.865758 60.603163
56.791929 60.581253
56.874796 60.581949
56.790725 60.614615
56.797189 60.604587
56.807791 60.606504
56.806791 60.588548
56.813471 60.60851
56.822186 60.612841
56.793766 60.597131
56.91026 60.598185
56.851716 60.582588
56.8491 60.607358
56.914737 60.619381
56.909741 60.602684
56.828517 60.597082
56.905268 60.605045
56.824264 60.593517
56.836018 60.59282
56.849169 60.619763
56.823776 60.596609
56.898843 60.581216
56.801881 60.617683
56.820484 60.614584
56.83059 60.590208
56.872412 60.609769
56.896999 60.596915
56.791784 60.604754
56.913455 60.601363
56.874837 60.581202
56.917705 60.617772
56.82938 60.582276
56.881729 60.617092
56.809216 60.596407
56.841012 60.618004
56.915975 60.60637
56.855343 60.594112
56.826804 60.602386
56.871364 60.603904
56.808887 60.603369
56.918439 60.615949
56.916884 60.58642
56.797286 60.59739
56.800732 60.596951
56.905463 60.61458
56.80334 60.617181
56.826431 60.580037
56.886672 60.588849
56.805455 60.604509
56.82581 60.585353
56.839541 60.60342
56.899931 60.58853
56.878051 60.607729
56.917038 60.587229
56.871573 60.587501
56.847778 60.585759
56.874876 60.593293
56.918302 60.609435
56.845987 60.605728
56.821538 60.605738
56.816928 60.599918
56.794237 60.617704
56.912247 60.600283
56.85428 60.592651
56.79888 60.612109
56.864253 60.612329
56.846818 60.611853
56.911736 60.599863
56.850625 60.586235
56.835209 60.594903
56.826365 60.600555
56.89663 60.613387
56.840975 60.594946
56.846079 60.619187
56.912069 60.597175
56.819822 60.597141
56.810594 60.590821
56.9126 60.607059
56.863139 60.60184
56.833304 60.599202
56.91554 60.582369
56.871715 60.589993
56.804026 60.580965
56.877139 60.598856
56.893131 60.595106
56.820109 60.600483
56.855976 60.616191
56.842958 60.605791
56.812249 60.593848
56.878976 60.59785
56.884026 60.612151
56.90372 60.588164
56.821964 60.613438
56.87038 60.586724
56.882895 60.611481
56.867158 60.60841
56.794695 60.602431
56.869954 60.610676
56.876968 60.608129
56.913185 60.588346
56.886426 60.604873
56.83708 60.582642
56.799828 60.583201
56.793828 60.604344
56.857326 60.5823
56.834803 60.607588
56.842408 60.594839
56.848551 60.587784
56.904455 60.618943
56.918846 60.603406
56.915285 60.604301
56.812033 60.589269
56.878712 60.594041
56.848895 60.587323
56.823313 60.601128
56.892336 60.611773
56.851459 60.593759
56.806688 60.593334
56.919529 60.602567
56.803104 60.606205
56.860879 60.61146
56.854198 60.601851
56.831451 60.592221
56.890875 60.613126
56.816441 60.607991
56.814812 60.603136
56.797906 60.589053
56.813855 60.604407
56.856132 60.582348
56.85304 60.583091
56.819157 60.58681
56.906898 60.594389
56.797686 60.594463
56.838143 60.610115
56.828965 60.611448
56.800197 60.588438
56.829495 60.590887
56.794932 60.618952
56.824014 60.589061
56.809902 60.604235
56.846819 60.58895
56.891509 60.583445
56.847336 60.606911
56.915412 60.618774
56.890957 60.605619
56.806211 60.598781
56.793901 60.583231
56.823387 60.605074
56.860354 60.616019
56.844741 60.591488
56.887602 60.61205
56.826517 60.607928
56.90837 60.611144
56.790852 60.591162
56.804888 60.613618
56.887124 60.610286
56.810649 60.597468
56.855591 60.613344
56.817021 60.602223
56.877339 60.607306
56.793552 60.596999
56.826112 60.604506
56.848695 60.587485
56.82883 60.589728
56.901191 60.619197
56.883817 60.581646
56.844708 60.581744
56.883942 60.59421
56.826526 60.589214
56.831424 60.582067
56.820611 60.59507
56.822195 60.592598
56.913967 60.614895
56.910486 60.601024
56.83651 60.599911
56.847247 60.615511
56.846151 60.613705
56.87193 60.61451
56.911915 60.586862
56.867345 60.614799
56.889705 60.616742
56.851232 60.589682
56.832224 60.592563
56.881548 60.603415
56.83117 60.604841
56.843896 60.593454
56.854878 60.611403
56.81806 60.58695
56.890949 60.585701
56.801769 60.616922
56.810956 60.582267
56.885467 60.591155
56.86728 60.589761
56.814985 60.616109
56.829624 60.591689
56.888131 60.613924
56.808759 60.603162
56.797011 60.606059
56.881748 60.619025
56.805651 60.617766
56.856744 60.613541
56.909953 60.610623
56.863901 60.582192
56.883834 60.583711
56.836158 60.607778
56.824624 60.586713
56.837385 60.596201
56.906005 60.610073
56.87721 60.582014
56.818667 60.602453
56.863223 60.582114
56.818667 60.615167
56.808186 60.592968
56.826444 60.600861
56.891378 60.590334
56.895701 60.582977
56.824148 60.610846
56.791231 60.598299
56.919447 60.605587
56.794105 60.593237
56.832933 60.581682
56.907003 60.590657
56.864768 60.60039
56.870308 60.613902
56.844599 60.617551
56.848792 60.608339
56.866524 60.600815
56.798149 60.59972
56.85832 60.616737
56.874774 60.593923
56.822488 60.582449
56.891091 60.580987
56.868095 60.616497
56.836227 60.614126
56.820527 60.608909
56.832725 60.586957
56.874487 60.589641
56.891189 60.600159
56.885793 60.600216
56.84863 60.6109
56.849478 60.602905
56.803808 60.599263
56.803595 60.598027
56.796893 60.600649
56.871259 60.606148
56.798835 60.601182
56.811372 60.59938
56.863149 60.594033
56.899598 60.618592
56.915181 60.580716
56.88778 60.611259
56.848824 60.615927
56.86328 60.588609
56.825601 60.589696
56.821235 60.610603
56.874576 60.60028
56.855211 60.60526
56.875728 60.595958
56.82148 60.607386
56.89966 60.601667
56.840118 60.613733
56.835492 60.581916
56.806904 60.602158
56.799062 60.604988
56.906565 60.614247
56.794543 60.593913
56.882433 60.619909
56.919689 60.604866
56.881698 60.602701
56.855027 60.619718
56.916131 60.593026
56.876922 60.580451
56.828931 60.580678
56.824212 60.595524
56.878086 60.607915
56.838006 60.587057
56.860349 60.613219
56.895612 60.583345
56.825083 60.618457
56.887354 60.614565
56.867583 60.592298
56.917257 60.588204
56.889719 60.604839
56.881581 60.616929
56.838872 60.586452
56.869896 60.618838
56.791087 60.593985
56.861742 60.585633
56.901011 60.597138
56.83957 60.59485
56.794689 60.617328
